0 4
CpuSimple::0 0|0|0|0.0929823|92973
CpuTree::0 23.294|43.3336|45.8707|2.28985|92973 3.37135|7.38214|14.5811|16.0082|92973 2.16903|4.72197|8.8884|27.2757|92973 2.05259|4.39746|9.3961|37.0971|92973
CpuGrid::0 1.49317|3.24356|5.8831|4.20165|92973 0.746615|1.61806|3.55246|28.7483|92973 0.664442|1.44519|2.7072|41.3611|92973 0.54914|1.21422|2.32524|37.415|92973
CpuSimple::1 0|0|0|0.687054|686986
CpuTree::1 32.3209|71.1695|73.2956|2.81125|686986 23.294|43.3336|45.8707|16.9199|686986 3.38495|7.45615|14.1697|28.4545|686986 2.14984|4.72669|8.38685|38.3161|686986
CpuGrid::1 5.90077|12.9043|26.2316|4.89005|686986 1.49317|3.24356|5.8831|31.0464|686986 0.635111|1.40272|3.66507|49.9917|686986 0.514802|1.11574|2.22051|57.0648|686986
CpuSimple::2 0|0|0|4.66398|4.66351e+06
CpuTree::2 51.3476|100.982|107.44|4.66398|4.66351e+06 32.3209|71.1695|73.2956|19.0838|4.66351e+06 26.318|49.0994|52.2243|31.1072|4.66351e+06 3.47603|7.6429|14.4629|41.0655|4.66351e+06
CpuGrid::2 13.8883|36.5494|62.1151|8.43674|4.66351e+06 5.90077|12.9043|26.2316|33.1955|4.66351e+06 1.68712|3.75831|7.35977|54.3788|4.66351e+06 0.704581|1.55511|4.42608|69.2975|4.66351e+06
